/home/yrohanizadegan/Desktop/RKF4(5)_dormandprince/cmake-build-debug/RKF4_5__dormandprince
i   t_n                y_n                step
0,  0.000000000000,    0.000000000000,    0.250000000000
1,  0.031250000000,    0.030348334720,    0.031250000000
2,  0.062500000000,    0.060817244026,    0.031250000000
3,  0.093750000000,    0.091499828584,    0.031250000000
4,  0.125000000000,    0.122493971560,    0.031250000000
5,  0.156250000000,    0.153903692818,    0.031250000000
6,  0.187500000000,    0.185840802852,    0.031250000000
7,  0.203125000000,    0.202194322791,    0.015625000000
8,  0.218750000000,    0.218723931694,    0.015625000000
9,  0.234375000000,    0.235447057306,    0.015625000000
10,  0.250000000000,    0.252382120660,    0.015625000000
11,  0.265625000000,    0.269548663440,    0.015625000000
12,  0.281250000000,    0.286967494064,    0.015625000000
13,  0.296875000000,    0.304660856030,    0.015625000000
14,  0.312500000000,    0.322652622843,    0.015625000000
15,  0.328125000000,    0.340968524916,    0.015625000000
16,  0.343750000000,    0.359636415097,    0.015625000000
17,  0.359375000000,    0.378686581227,    0.015625000000
18,  0.375000000000,    0.398152116321,    0.015625000000
19,  0.390625000000,    0.418069359925,    0.015625000000
20,  0.406250000000,    0.438478428087,    0.015625000000
21,  0.421875000000,    0.459423854648,    0.015625000000
22,  0.437500000000,    0.480955373762,    0.015625000000
23,  0.453125000000,    0.503128883434,    0.015625000000
24,  0.468750000000,    0.526007643841,    0.015625000000
25,  0.476562500000,    0.537753569207,    0.007812500000
26,  0.484375000000,    0.549703653363,    0.007812500000
27,  0.492187500000,    0.561868643220,    0.007812500000
28,  0.500000000000,    0.574260111335,    0.007812500000
29,  0.507812500000,    0.586890549448,    0.007812500000
30,  0.515625000000,    0.599773475874,    0.007812500000
31,  0.523437500000,    0.612923559316,    0.007812500000
32,  0.531250000000,    0.626356762271,    0.007812500000
33,  0.539062500000,    0.640090507934,    0.007812500000
34,  0.546875000000,    0.654143875463,    0.007812500000
35,  0.554687500000,    0.668537829688,    0.007812500000
36,  0.562500000000,    0.683295492966,    0.007812500000
37,  0.570312500000,    0.698442468981,    0.007812500000
38,  0.578125000000,    0.714007231094,    0.007812500000
39,  0.585937500000,    0.730021591640,    0.007812500000
40,  0.593750000000,    0.746521273668,    0.007812500000
41,  0.601562500000,    0.763546613735,    0.007812500000
42,  0.605468750000,    0.772274308123,    0.003906250000
43,  0.609375000000,    0.781151128733,    0.003906250000
44,  0.613281250000,    0.790183845473,    0.003906250000
45,  0.617187500000,    0.799379723866,    0.003906250000
46,  0.621093750000,    0.808746576864,    0.003906250000
47,  0.625000000000,    0.818292823803,    0.003906250000
48,  0.628906250000,    0.828027557704,    0.003906250000
49,  0.632812500000,    0.837960622423,    0.003906250000
50,  0.636718750000,    0.848102701468,    0.003906250000
51,  0.640625000000,    0.858465420690,    0.003906250000
52,  0.644531250000,    0.869061467595,    0.003906250000
53,  0.648437500000,    0.879904730670,    0.003906250000
54,  0.652343750000,    0.891010462979,    0.003906250000
55,  0.656250000000,    0.902395475366,    0.003906250000
56,  0.660156250000,    0.914078366094,    0.003906250000
57,  0.664062500000,    0.926079795629,    0.003906250000
58,  0.667968750000,    0.938422817897,    0.003906250000
59,  0.671875000000,    0.951133282822,    0.003906250000
60,  0.673828125000,    0.957636191797,    0.001953125000
61,  0.675781250000,    0.964242194021,    0.001953125000
62,  0.677734375000,    0.970955547303,    0.001953125000
63,  0.679687500000,    0.977780799510,    0.001953125000
64,  0.681640625000,    0.984722816727,    0.001953125000
65,  0.683593750000,    0.991786815004,    0.001953125000
66,  0.685546875000,    0.998978396280,    0.001953125000
67,  0.687500000000,    1.006303589168,    0.001953125000
68,  0.689453125000,    1.013768895426,    0.001953125000
69,  0.691406250000,    1.021381343115,    0.001953125000
70,  0.693359375000,    1.029148547654,    0.001953125000
71,  0.695312500000,    1.037078782258,    0.001953125000
72,  0.697265625000,    1.045181059563,    0.001953125000
73,  0.699218750000,    1.053465226707,    0.001953125000
74,  0.701171875000,    1.061942076651,    0.001953125000
75,  0.703125000000,    1.070623479284,    0.001953125000
76,  0.705078125000,    1.079522536747,    0.001953125000
77,  0.707031250000,    1.088653768689,    0.001953125000
78,  0.708984375000,    1.098033334805,    0.001953125000
79,  0.710937500000,    1.107679304221,    0.001953125000
80,  0.712890625000,    1.117611984368,    0.001953125000
81,  0.713867187500,    1.122693166006,    0.000976562500
82,  0.714843750000,    1.127854870967,    0.000976562500
83,  0.715820312500,    1.133100464265,    0.000976562500
84,  0.716796875000,    1.138433546037,    0.000976562500
85,  0.717773437500,    1.143857975034,    0.000976562500
86,  0.718750000000,    1.149377895226,    0.000976562500
87,  0.719726562500,    1.154997766007,    0.000976562500
88,  0.720703125000,    1.160722396635,    0.000976562500
89,  0.721679687500,    1.166556985653,    0.000976562500
90,  0.722656250000,    1.172507166189,    0.000976562500
91,  0.723632812500,    1.178579058251,    0.000976562500
92,  0.724609375000,    1.184779329380,    0.000976562500
93,  0.725585937500,    1.191115265349,    0.000976562500
94,  0.726562500000,    1.197594853025,    0.000976562500
95,  0.727539062500,    1.204226878037,    0.000976562500
96,  0.728515625000,    1.211021040629,    0.000976562500
97,  0.729492187500,    1.217988093994,    0.000976562500
98,  0.730468750000,    1.225140010675,    0.000976562500
99,  0.731445312500,    1.232490184297,    0.000976562500
100,  0.732421875000,    1.240053676249,    0.000976562500
101,  0.732910156250,    1.243920740738,    0.000488281250
102,  0.733398437500,    1.247847698465,    0.000488281250
103,  0.733886718750,    1.251837049196,    0.000488281250
104,  0.734375000000,    1.255891468646,    0.000488281250
105,  0.734863281250,    1.260013826236,    0.000488281250
106,  0.735351562500,    1.264207205230,    0.000488281250
107,  0.735839843750,    1.268474925644,    0.000488281250
108,  0.736328125000,    1.272820570393,    0.000488281250
109,  0.736816406250,    1.277248015276,    0.000488281250
110,  0.737304687500,    1.281761463499,    0.000488281250
111,  0.737792968750,    1.286365485598,    0.000488281250
112,  0.738281250000,    1.291065065846,    0.000488281250
113,  0.738769531250,    1.295865656468,    0.000488281250
114,  0.739257812500,    1.300773241325,    0.000488281250
115,  0.739746093750,    1.305794411193,    0.000488281250
116,  0.740234375000,    1.310936453300,    0.000488281250
117,  0.740722656250,    1.316207458565,    0.000488281250
118,  0.741210937500,    1.321616451047,    0.000488281250
119,  0.741699218750,    1.327173545437,    0.000488281250
120,  0.742187500000,    1.332890140449,    0.000488281250
121,  0.742675781250,    1.338779158599,    0.000488281250
122,  0.742919921875,    1.341792885239,    0.000244140625
123,  0.743164062500,    1.344855410767,    0.000244140625
124,  0.743408203125,    1.347968926125,    0.000244140625
125,  0.743652343750,    1.351135789607,    0.000244140625
126,  0.743896484375,    1.354358545275,    0.000244140625
127,  0.744140625000,    1.357639944063,    0.000244140625
128,  0.744384765625,    1.360982968077,    0.000244140625
129,  0.744628906250,    1.364390858673,    0.000244140625
130,  0.744873046875,    1.367867149085,    0.000244140625
131,  0.745117187500,    1.371415702526,    0.000244140625
132,  0.745361328125,    1.375040756922,    0.000244140625
133,  0.745605468750,    1.378746977755,    0.000244140625
134,  0.745849609375,    1.382539520888,    0.000244140625
135,  0.746093750000,    1.386424107770,    0.000244140625
136,  0.746337890625,    1.390407116138,    0.000244140625
137,  0.746582031250,    1.394495690326,    0.000244140625
138,  0.746826171875,    1.398697876585,    0.000244140625
139,  0.747070312500,    1.403022790757,    0.000244140625
140,  0.747314453125,    1.407480828253,    0.000244140625
141,  0.747558593750,    1.412083930176,    0.000244140625
142,  0.747802734375,    1.416845925102,    0.000244140625
143,  0.748046875000,    1.421782974570,    0.000244140625
144,  0.748291015625,    1.426914163568,    0.000244140625
145,  0.748535156250,    1.432262298197,    0.000244140625
146,  0.748657226562,    1.435026140882,    0.000122070312
147,  0.748779296875,    1.437855035205,    0.000122070312
148,  0.748901367188,    1.440753443246,    0.000122070312
149,  0.749023437500,    1.443726359428,    0.000122070312
150,  0.749145507812,    1.446779403830,    0.000122070312
151,  0.749206542969,    1.448337933181,    0.000061035156

Process finished with exit code 0

